18891
18892
18893
18894
18895
18896
18897
18898
18899
18900
18901
18902
18903
18904
18905
18906
18907
18908
18909
18910
18911
18939
18940
18941
18942
18943
18955
18956
18957
18958
18959
18926
18927
18928
18929
18930
18931
18932
18933
18934
18935
19095
19096
19097
19098
18962
18944
18945
18946
18947
18948
18949
18950
18951
18970
18971
18972
18973
18968
19352
19067
19068
19069
19006
19007
19008
19009
19010
19011
19012
19013
19014
19015
19016
19017
19018
19019
19020
19021
19022
19023
19024
19025
19026
19027
19028
19029
19030
19031
19032
19033
19034
19035
18911
18912
18913
18914
18915
18916
18917
18918
18919
18920
19036
19037
19038
19065